a* 100010  1629.00  6580.40   94.84  12   0       0 0000 < Fejkad centroid f prog kont
a* 100020  1629.00  6580.40   94.84  12   0       0 0000
a* 100030  1628.30  6581.30   40.87  12   0       0 0000
a* 100050  1628.42  6581.05   19.13  12   0       0 0000
a* 100080  1628.75  6581.10   22.44  12   0       0 0000
a* 100090  1628.73  6581.37   9.752  12   0       0 0000
a* 100120  1627.95  6581.15   61.84  12   0       0 0000
a* 100140  1628.30  6581.80    15.3  12   0       0 0000
a* 100170  1628.65  6581.85   75.87  11   0       0 0000
a* 100200  1627.45  6581.95   9.413  11   0       0 0000
a* 100210  1626.80  6582.10   -39.4  11   0       0 0000
a* 100230  1627.35  6582.95   43.41  12   0       0 0000
a* 100250  1627.90  6582.20    30.9  12   0       0 0000
a* 100300  1628.40  6582.32   40.39  12   0       0 0000
a* 100320  1628.10  6582.75   49.11  12   0       0 0000
a* 100330  1628.05  6583.05    36.1  12   0       0 0000
a* 100350  1628.30  6583.60   1.753  12   0       0 0000
a* 100370  1629.05  6583.05   -2.92  12   0       0 0000
a* 100380  1628.79  6582.54   -27.5  12   0       0 0000
a* 100390  1628.19  6585.31     .45  12   0       0 0000
a* 100420  1629.25  6581.60   -17.8  12   0       0 0000
a* 100440  1629.90  6581.40   -43.2  12   0       0 0000
a* 100460  1630.40  6581.60   26.99  12   0       0 0000
a* 100470  1629.90  6582.00   -12.7  12   0       0 0000
a* 100510  1629.70  6582.70   1.944  12   0       0 0000
a* 100520  1630.50  6582.80   36.63  12   0       0 0000
a* 100530  1630.40  6583.70   21.99  12   0       0 0000
a* 100570  1631.50  6581.40   20.49  12   0       0 0000
a* 100580  1630.80  6580.50     1.2  11   0       0 0000
a* 100600  1627.60  6580.70    80.9  11   0       0 0000
a* 100620  1627.60  6581.35   68.58  11   0       0 0000
a* 100670  1626.80  6581.30   156.5  11   0       0 0000
a* 100710  1626.10  6581.60   -9.08  11   0       0 0000
a* 100730  1624.95  6581.50   -13.3  11   0       0 0000
a* 100780  1624.46  6580.04   -28.9  11   0       0 0000
a* 100790  1625.90  6580.90   17.39  11   0       0 0000
a* 100840  1627.25  6579.24   66.48  12   2  101780 0000
a* 100880  1628.42  6578.96   119.2  12   2  101820 0000
a* 101000  1630.05  6579.30   -47.5  12   0       0 0000
a* 101110  1629.60  6576.72   82.66  11   0       0 0000
a* 101150  1627.54  6577.36   41.58  11   2  103060 0000
a* 101820  1626.44  6578.09   3.143  11   0       0 0000
a* 101910  1624.14  6576.14   -13.5  11   0       0 0000
a* 102400  1624.05  6580.93   20.15  8    0       0 0000
a* 102430  1623.19  6581.85    .587  8    0       0 0000
a* 102500  1623.01  6581.00   9.997  8    0       0 0000
a* 102520  1621.53  6581.24    -5.1  4    0       0 0000
a* 102630  1618.17  6583.84   -25.6  8    0       0 0000
a* 102850  1622.95  6583.25   -3.33  8    0       0 0000
a* 102860  1622.30  6583.48   3.056  4    0       0 0000
a* 102920  1620.14  6584.74     8.4  4    0       0 0000
a* 102970  1617.93  6587.50      -3  8    0       0 0000
a* 103010  1620.69  6586.98   -7.46  8    0       0 0000
a* 103110  1621.35  6588.38   12.81  11   0       0 0000
a* 103200  1623.97  6582.91   -15.8  11   0       0 0000
a* 103210  1623.88  6583.28   -13.6  11   0       0 0000
a* 103220  1624.94  6582.62   -9.76  11   0       0 0000
a* 103240  1624.60  6583.36   -27.7  8    0       0 0000
a* 103250  1623.33  6583.56   -2.69  11   0       0 0000
a* 103260  1623.75  6584.10   -18.8  11   0       0 0000
a* 103300  1624.80  6584.25   -10.7  11   0       0 0000
a* 103310  1624.25  6583.69   -44.1  11   0       0 0000
a* 103330  1625.26  6584.20     -20  11   0       0 0000
a* 103331  1625.66  6584.00   -6.44  11   0       0 0000
a* 103340  1624.10  6584.30   -36.5  11   0       0 0000
a* 103360  1624.76  6584.60   -40.8  11   0       0 0000
a* 103380  1624.00  6585.08   -54.7  11   0       0 0000
a* 103400  1625.50  6583.06   -8.73  11   0       0 0000
a* 103410  1626.69  6583.26    -7.4  11   0       0 0000
a* 103430  1626.70  6584.62   -2.37  11   0       0 0000
a* 103510  1625.02  6584.75   -23.2  11   0       0 0000
a* 103520  1624.86  6585.10   -14.4  11   0       0 0000
a* 103530  1625.66  6584.84   -25.1  11   0       0 0000
a* 103550  1625.60  6585.24    -.22  11   0       0 0000
a* 103620  1624.80  6585.76   -2.24  11   0       0 0000
a* 103630  1624.17  6586.53   -17.7  11   0       0 0000
a* 103650  1624.66  6586.60   -1.21  11   0       0 0000
a* 103700  1626.89  6586.35   -42.8  11   0       0 0000
a* 103720  1626.73  6586.74   -9.02  8    0       0 0000
a* 103820  1623.03  6584.00   38.49  8    0       0 0000
a* 103830  1622.33  6584.46   19.48  8    0       0 0000
a* 103850  1622.25  6585.08   -2.37  8    0       0 0000
a* 103860  1623.02  6585.20    -1.7  8    0       0 0000
a* 103880  1621.43  6585.67   17.15  8    0       0 3880
a* 103900  1623.46  6584.95   -26.7  8    0       0 0000
a* 103910  1623.39  6586.00    -.92  8    0       0 0000
a* 103930  1622.54  6586.77   -1.65  4    0       0 0000
a* 104000  1619.55  6580.31   6.353  4    2  125010 0000
a* 104150  1616.31  6589.20   2.512  4    0       0 0000
a* 104200  1615.36  6591.05   2.353  1    0       0 0000
a* 104400  1610.61  6597.98    62.6  8    2  139010 0000
a* 104530  1622.72  6589.81   -4.09  8    0       0 0000
a* 104630  1621.75  6594.53   4.383  4    0       0 0000
a* 105260  1619.95  6597.85       0  11   0       0 0000
a* 105300  1626.50  6588.35   -21.3  12   0       0 0000
a* 105330  1628.30  6590.00   -36.5  11   0       0 0000
a* 105960  1627.51  6591.82   3.287  12   2  160380 0000
a* 106880  1631.54  6584.46   13.66  12   2  186210 0000
a* 107210  1632.58  6578.46   -9.77  12   3  182140 0
a* 107920  1630.22  6575.80   2.494  8    2  136110 0000
a* 202430  1622.72  6581.67   1.022  8    0       0 0000
a* 202550  1620.82  6582.33   -4.98  4    0       0 0000
a* 202650  1617.68  6584.74   -12.6  4    3  402650 0000
a* 202770  1613.79  6586.24   21.06  8    0       0 0000
a* 202840  1622.15  6584.42   76.22  4    0       0 0000
a* 202920  1619.05  6586.15   -2.34  4    0       0 0000
a* 203021  1619.55  6587.82   -9.28  8    0       0 0000
a* 203120  1621.64  6589.46       0  4    0       0 0000
a* 203160  1620.06  6589.68   -15.5  4    0       0 0000
a* 204241  1614.61  6594.16    .261  4    0       0 0000
a* 204250  1616.73  6590.61    .039  8    0       0 0000
a* 204502  1621.53  6592.45    .852  8    0       0 0000
a* 204507  1622.60  6591.39    .565  8    0       0 0000
a* 204602  1621.25  6593.34    .724  4    0       0 0000
a* 204704  1619.88  6596.49   7.982  12   2  404704 0000