%c EMME/2 Module: 2.14(v8.01)   Date: 97-10-09 09:11   User: E301/Vagverkt...jk
%c Project:       OBSERVER DATABAS F™R STOCKHOLM
%c Scenario 4000: *** GRUNDNAT 970805 MAXTIMME CONTRAMSKAFT ***
%								TILL CENTROIDER a* 100010  1629.00  6580.40   94.84  12   0       0 0000 < Fejkad centroid f prog kont
%                               Ny egen kolumn 5: I_2_OMRADE() i KFB_OD-projekt, se D:\5T\S\omrade.m tillsammans med netpri.m
t nodes init                   ---------------------------------------------------------------------------------------------
a* 100020  1629.00  6580.40   94.84  12   0       0 0000 
a* 100030  1628.30  6581.30   40.87  12   0       0 0000
a* 100050  1628.42  6581.05   19.13  12   0       0 0000
a* 100080  1628.75  6581.10   22.44  12   0       0 0000
a* 100090  1628.73  6581.37   9.752  12   0       0 0000
a* 100120  1627.95  6581.15   61.84  12   0       0 0000
a* 100140  1628.30  6581.80    15.3  12   0       0 0000
a* 100170  1628.65  6581.85   75.87  11   0       0 0000
a* 100200  1627.45  6581.95   9.413  11   0       0 0000
a* 100210  1626.80  6582.10   -39.4  11   0       0 0000
a* 100230  1627.35  6582.95   43.41  12   0       0 0000
a* 100250  1627.90  6582.20    30.9  12   0       0 0000
a* 100300  1628.40  6582.32   40.39  12   0       0 0000
a* 100320  1628.10  6582.75   49.11  12   0       0 0000
a* 100330  1628.05  6583.05    36.1  12   0       0 0000
a* 100350  1628.30  6583.60   1.753  12   0       0 0000
a* 100370  1629.05  6583.05   -2.92  12   0       0 0000
a* 100380  1628.79  6582.54   -27.5  12   0       0 0000
a* 100390  1628.19  6585.31     .45  12   0       0 0000
a* 100420  1629.25  6581.60   -17.8  12   0       0 0000
a* 100440  1629.90  6581.40   -43.2  12   0       0 0000
a* 100460  1630.40  6581.60   26.99  12   0       0 0000
a* 100470  1629.90  6582.00   -12.7  12   0       0 0000
a* 100510  1629.70  6582.70   1.944  12   0       0 0000
a* 100520  1630.50  6582.80   36.63  12   0       0 0000
a* 100530  1630.40  6583.70   21.99  12   0       0 0000
a* 100570  1631.50  6581.40   20.49  12   0       0 0000
a* 100580  1630.80  6580.50     1.2  11   0       0 0000
a* 100600  1627.60  6580.70    80.9  11   0       0 0000
a* 100620  1627.60  6581.35   68.58  11   0       0 0000
a* 100670  1626.80  6581.30   156.5  11   0       0 0000
a* 100710  1626.10  6581.60   -9.08  11   0       0 0000
a* 100730  1624.95  6581.50   -13.3  11   0       0 0000
a* 100780  1624.46  6580.04   -28.9  11   0       0 0000
a* 100790  1625.90  6580.90   17.39  11   0       0 0000
a* 100840  1627.25  6579.24   66.48  12   2  101780 0000
a* 100880  1628.42  6578.96   119.2  12   2  101820 0000
a* 101000  1630.05  6579.30   -47.5  12   0       0 0000
a* 101110  1629.60  6576.72   82.66  11   0       0 0000
a* 101150  1627.54  6577.36   41.58  11   2  103060 0000
a* 101820  1626.44  6578.09   3.143  11   0       0 0000
a* 101910  1624.14  6576.14   -13.5  11   0       0 0000
a* 102400  1624.05  6580.93   20.15  8    0       0 0000
a* 102430  1623.19  6581.85    .587  8    0       0 0000
a* 102500  1623.01  6581.00   9.997  8    0       0 0000
a* 102520  1621.53  6581.24    -5.1  4    0       0 0000
a* 102630  1618.17  6583.84   -25.6  8    0       0 0000
a* 102850  1622.95  6583.25   -3.33  8    0       0 0000
a* 102860  1622.30  6583.48   3.056  4    0       0 0000
a* 102920  1620.14  6584.74     8.4  4    0       0 0000
a* 102970  1617.93  6587.50      -3  8    0       0 0000
a* 103010  1620.69  6586.98   -7.46  8    0       0 0000
a* 103110  1621.35  6588.38   12.81  11   0       0 0000
a* 103200  1623.97  6582.91   -15.8  11   0       0 0000
a* 103210  1623.88  6583.28   -13.6  11   0       0 0000
a* 103220  1624.94  6582.62   -9.76  11   0       0 0000
a* 103240  1624.60  6583.36   -27.7  8    0       0 0000
a* 103250  1623.33  6583.56   -2.69  11   0       0 0000
a* 103260  1623.75  6584.10   -18.8  11   0       0 0000
a* 103300  1624.80  6584.25   -10.7  11   0       0 0000
a* 103310  1624.25  6583.69   -44.1  11   0       0 0000
a* 103330  1625.26  6584.20     -20  11   0       0 0000
a* 103331  1625.66  6584.00   -6.44  11   0       0 0000
a* 103340  1624.10  6584.30   -36.5  11   0       0 0000
a* 103360  1624.76  6584.60   -40.8  11   0       0 0000
a* 103380  1624.00  6585.08   -54.7  11   0       0 0000
a* 103400  1625.50  6583.06   -8.73  11   0       0 0000
a* 103410  1626.69  6583.26    -7.4  11   0       0 0000
a* 103430  1626.70  6584.62   -2.37  11   0       0 0000
a* 103510  1625.02  6584.75   -23.2  11   0       0 0000
a* 103520  1624.86  6585.10   -14.4  11   0       0 0000
a* 103530  1625.66  6584.84   -25.1  11   0       0 0000
a* 103550  1625.60  6585.24    -.22  11   0       0 0000
a* 103620  1624.80  6585.76   -2.24  11   0       0 0000
a* 103630  1624.17  6586.53   -17.7  11   0       0 0000
a* 103650  1624.66  6586.60   -1.21  11   0       0 0000
a* 103700  1626.89  6586.35   -42.8  11   0       0 0000
a* 103720  1626.73  6586.74   -9.02  8    0       0 0000
a* 103820  1623.03  6584.00   38.49  8    0       0 0000
a* 103830  1622.33  6584.46   19.48  8    0       0 0000
a* 103850  1622.25  6585.08   -2.37  8    0       0 0000
a* 103860  1623.02  6585.20    -1.7  8    0       0 0000
a* 103880  1621.43  6585.67   17.15  8    0       0 3880
a* 103900  1623.46  6584.95   -26.7  8    0       0 0000
a* 103910  1623.39  6586.00    -.92  8    0       0 0000
a* 103930  1622.54  6586.77   -1.65  4    0       0 0000
a* 104000  1619.55  6580.31   6.353  4    2  125010 0000
a* 104150  1616.31  6589.20   2.512  4    0       0 0000
a* 104200  1615.36  6591.05   2.353  1    0       0 0000
a* 104400  1610.61  6597.98    62.6  8    2  139010 0000
a* 104530  1622.72  6589.81   -4.09  8    0       0 0000
a* 104630  1621.75  6594.53   4.383  4    0       0 0000
a* 105260  1619.95  6597.85       0  11   0       0 0000
a* 105300  1626.50  6588.35   -21.3  12   0       0 0000
a* 105330  1628.30  6590.00   -36.5  11   0       0 0000
a* 105960  1627.51  6591.82   3.287  12   2  160380 0000
a* 106880  1631.54  6584.46   13.66  12   2  186210 0000
a* 107210  1632.58  6578.46   -9.77  12   3  182140 0
a* 107920  1630.22  6575.80   2.494  8    2  136110 0000
a* 202430  1622.72  6581.67   1.022  8    0       0 0000
a* 202550  1620.82  6582.33   -4.98  4    0       0 0000
a* 202650  1617.68  6584.74   -12.6  4    3  402650 0000
a* 202770  1613.79  6586.24   21.06  8    0       0 0000
a* 202840  1622.15  6584.42   76.22  4    0       0 0000
a* 202920  1619.05  6586.15   -2.34  4    0       0 0000
a* 203021  1619.55  6587.82   -9.28  8    0       0 0000
a* 203120  1621.64  6589.46       0  4    0       0 0000
a* 203160  1620.06  6589.68   -15.5  4    0       0 0000
a* 204241  1614.61  6594.16    .261  4    0       0 0000
a* 204250  1616.73  6590.61    .039  8    0       0 0000
a* 204502  1621.53  6592.45    .852  8    0       0 0000
a* 204507  1622.60  6591.39    .565  8    0       0 0000
a* 204602  1621.25  6593.34    .724  4    0       0 0000
a* 204704  1619.88  6596.49   7.982  12   2  404704 0000
a 1932  1630.96  6578.74       0       0       0 0
a 101012  1628.65  6580.50       0       0       0 0000
a 101013  1628.72  6580.49       0       0       0 0000
a 101014  1628.78  6580.54       0       0       0 0000
a 101018  1628.75  6580.37       0       0       0 0000
a 101019  1628.64  6580.60       0       0       0 0000
a 101023  1628.89  6580.15       0       0       0 0000
a 101025  1629.03  6579.97       0       0       0 0000
a 101026  1629.05  6580.06       0       0       0 0000
a 101027  1629.02  6580.12       0       0       0 0000
a 101028  1629.59  6579.77       0       0       0 0
a 101029  1629.11  6579.91       0       0       0 0
a 101032  1628.17  6581.25       0       0       0 0000
a 101033  1628.10  6581.21       0       0       0 0000
a 101034  1628.21  6581.19       0       0       0 0000
a 101035  1628.33  6581.26       0       0       0 0000
a 101042  1627.95  6580.96       0       0       0 0000
a 101043  1628.03  6581.00       0       0       0 0000
a 101044  1628.28  6580.88       0       0       0 0000
a 101045  1628.25  6580.72       0       0       0 0000
a 101046  1628.18  6580.84       0       0       0 0000
a 101052  1628.37  6581.17       0       0       0 0000
a 101053  1628.29  6581.05       0       0       0 0000
a 101054  1628.32  6580.99       0       0       0 0000
a 101062  1628.48  6580.99       0       0       0 0000
a 101063  1628.52  6580.77       0       0       0 0000
a 101064  1628.57  6580.81       0       0       0 0000
a 101066  1628.42  6580.76       0       0       0 0000
a 101069  1628.71  6580.61       0       0       0 0000
a 101092  1628.62  6581.26       0       0       0 0000
a 101093  1628.79  6581.29       0       0       0 0000
a 101094  1628.79  6581.36       0       0       0 0000
a 101095  1628.78  6581.41       0       0       0 0000
a 101096  1628.67  6581.40       0       0       0 0000
a 101102  1628.28  6581.62       0       0       0 0000
a 101103  1628.37  6581.67       0       0       0 0000
a 101104  1628.46  6581.70       0       0       0 0000
a 101105  1628.51  6581.59       0       0       0 0000
a 101106  1628.53  6581.55       0       0       0 0000
a 101107  1628.51  6581.34       0       0       0 0000
a 101112  1628.04  6581.49       0       0       0 0000
a 101113  1628.11  6581.38       0       0       0 0000
a 101114  1628.04  6581.33       0       0       0 0000
a 101115  1627.98  6581.45       0       0       0 0000
a 101122  1627.81  6581.22       0       0       0 0000
a 101132  1627.61  6581.67       0       0       0 0000
a 101133  1627.93  6581.63       0       0       0 0000
a 101134  1628.03  6581.59       0       0       0 0000
a 101135  1627.92  6581.57       0       0       0 0000
a 101136  1627.71  6581.50       0       0       0 0000
a 101137  1627.93  6581.49       0       0       0 0000
a 101162  1628.75  6581.58       0       0       0 0000
a 101163  1628.66  6581.44       0       0       0 0000
a 101164  1628.62  6581.64       0       0       0 0000
a 101172  1628.44  6582.12       0       0       0 0000
a 101173  1628.60  6582.21       0       0       0 0000
a 101174  1628.74  6581.74       0       0       0 0000
a 101176  1628.87  6581.84       0       0       0 0000
a 101177  1628.73  6581.99       0       0       0 0000
a 101182  1628.94  6581.67       0       0       0 0000
a 101183  1628.96  6581.51       0       0       0 0000
a 101184  1628.97  6581.43       0       0       0 0000
a 101185  1628.90  6581.43       0       0       0 0000
a 101186  1628.99  6581.30       0       0       0 0000
a 101187  1629.01  6581.69       0       0       0 0000
a 101188  1629.09  6581.56       0       0       0 0000
a 101192  1629.22  6581.33       0       0       0 0000
a 101199  1629.31  6581.29       0       0       0 0000
a 101202  1627.09  6582.04       0       0       0 0000
a 101203  1627.46  6582.23       0       0       0 0000
a 101204  1627.62  6581.95       0       0       0 0000
a 101205  1627.69  6581.83       0       0       0 0000
a 101206  1627.74  6581.74       0       0       0 0000
a 101207  1627.21  6581.84       0       0       0 0000
a 101212  1626.96  6582.33       0       0       0 0000
a 101213  1627.07  6582.34       0       0       0 0000
a 101214  1627.02  6582.19       0       0       0 0000
a 101215  1626.96  6582.00       0       0       0 0000
a 101216  1626.70  6581.84       0       0       0 0000
a 101217  1626.37  6582.11       0       0       0 0000
a 101223  1626.77  6582.71       0       0       0 0000
a 101224  1627.11  6582.62       0       0       0 0000
a 101225  1627.18  6583.01       0       0       0 0000
a 101227  1627.26  6583.29       0       0       0 0000
a 101228  1626.60  6582.85       0       0       0 0000
a 101232  1627.37  6583.19       0       0       0 0000
a 101233  1627.70  6583.18       0       0       0 0000
a 101234  1627.71  6583.14       0       0       0 0000
a 101235  1627.45  6583.01       0       0       0 0000
a 101236  1627.80  6582.96       0       0       0 0000
a 101237  1627.54  6582.84       0       0       0 0000
a 101238  1627.42  6582.77       0       0       0 0000
a 101239  1627.34  6582.72       0       0       0 0000
a 101242  1627.24  6582.67       0       0       0 0000
a 101243  1627.33  6582.49       0       0       0 0000
a 101246  1627.40  6582.36       0       0       0 0000
a 101247  1627.52  6582.38       0       0       0 0000
a 101248  1627.64  6582.39       0       0       0 0000
a 101249  1627.76  6582.47       0       0       0 0000
a 101252  1627.57  6582.29       0       0       0 0000
a 101253  1627.66  6582.33       0       0       0 0000
a 101254  1627.79  6582.41       0       0       0 0000
a 101255  1627.81  6582.07       0       0       0 0000
a 101262  1627.78  6581.89       0       0       0 0000
a 101263  1627.88  6581.94       0       0       0 0000
a 101265  1627.94  6581.80       0       0       0 0000
a 101266  1627.85  6581.79       0       0       0 0000
a 101267  1627.92  6581.84       0       0       0 0000
a 101268  1627.72  6582.02       0       0       0 0000
a 101269  1627.90  6581.88       0       0       0 0000
a 101272  1628.23  6582.15       0       0       0 0000
a 101274  1628.54  6582.31       0       0       0 0000
a 101275  1628.29  6582.02       0       0       0 0000
a 101282  1628.33  6582.69       0       0       0 0000
a 101283  1628.40  6582.73       0       0       0 0000
a 101284  1628.45  6582.67       0       0       0 0000
a 101285  1628.43  6582.48       0       0       0 0000
a 101292  1627.88  6582.78       0       0       0 0000
a 101293  1628.01  6582.53       0       0       0 0000
a 101294  1627.98  6582.60       0       0       0 0000
a 101302  1628.05  6583.34       0       0       0 0000
a 101303  1628.16  6583.25       0       0       0 0000
a 101304  1628.26  6582.99       0       0       0 0000
a 101305  1628.19  6582.95       0       0       0 0000
a 101312  1628.66  6582.87       0       0       0 0000
a 101319  1628.97  6582.51       0       0       0 0000
a 101322  1627.86  6583.63       0       0       0 0000
a 101323  1628.20  6583.50       0       0       0 0000
a 101328  1627.89  6584.74       0       0       0 0000
a 101335  1627.99  6584.33       0       0       0 0000
a 101336  1628.04  6584.15       0       0       0 0000
a 101337  1629.49  6584.05       0       0       0 0000
a 101338  1629.04  6583.96       0       0       0 0000
a 101339  1629.03  6582.91       0       0       0 0000
a 101342  1628.93  6582.73       0       0       0 0000
a 101343  1629.04  6582.69       0       0       0 0000
a 101344  1629.35  6582.54       0       0       0 0000
a 101345  1630.10  6583.11       0       0       0 0000
a 101349  1628.88  6582.55       0       0       0 0000
a 101352  1628.71  6582.45       0       0       0 0000
a 101353  1628.89  6582.30       0       0       0 0000
a 101354  1628.83  6581.85       0       0       0 0000
a 101355  1628.66  6582.17       0       0       0 0000
a 101356  1628.86  6582.24       0       0       0 0000
a 101357  1628.55  6582.57       0       0       0 0000
a 101359  1628.73  6582.42       0       0       0 0000
a 101362  1627.99  6583.95       0       0       0 0000
a 101363  1628.00  6584.50       0       0       0 0000
a 101364  1627.81  6585.03       0       0       0 0000
a 101365  1627.65  6585.47       0       0       0 0000
a 101369  1628.42  6583.97       0       0       0 0000
a 101372  1629.70  6582.38       0       0       0 0000
a 101373  1629.83  6582.33       0       0       0 0000
a 101374  1629.69  6582.00       0       0       0 0000
a 101384  1629.47  6581.80       0       0       0 0000
a 101385  1629.63  6581.76       0       0       0 0000
a 101402  1629.35  6581.48       0       0       0 0000
a 101403  1629.48  6581.42       0       0       0 0000
a 101405  1629.44  6581.32       0       0       0 0000
a 101406  1629.41  6581.23       0       0       0 0000
a 101412  1629.77  6581.33       0       0       0 0000
a 101413  1630.20  6581.34       0       0       0 0000
a 101414  1629.54  6581.18       0       0       0 0000
a 101415  1629.73  6581.20       0       0       0 0000
a 101416  1630.23  6581.25       0       0       0 0000
a 101433  1630.55  6581.42       0       0       0 0000
a 101434  1630.40  6581.28       0       0       0 0000
a 101435  1630.46  6581.39       0       0       0 0000
a 101452  1630.02  6582.25       0       0       0 0000
a 101453  1630.25  6582.15       0       0       0 0000
a 101454  1630.38  6582.09       0       0       0 0000
a 101455  1630.74  6581.95       0       0       0 0000
a 101457  1630.63  6581.67       0       0       0 0000
a 101462  1630.83  6581.42       0       0       0 0000
a 101465  1630.64  6581.39       0       0       0 0000
a 101482  1629.60  6582.78       0       0       0 0000
a 101484  1629.46  6582.75       0       0       0 0000
a 101493  1630.38  6583.28       0       0       0 0000
a 101502  1630.61  6583.37       0       0       0 0000
a 101503  1630.75  6584.09       0       0       0 0000
a 101505  1630.29  6584.20       0       0       0 0000
a 101508  1629.87  6583.99       0       0       0 0000
a 101512  1630.85  6583.42       0       0       0 0000
a 101518  1630.57  6584.13       0       0       0 0000
a 101519  1630.10  6583.98       0       0       0 0000
a 101528  1630.90  6583.60       0       0       0 0000
a 101529  1630.73  6583.99       0       0       0 0000
a 101562  1627.92  6580.71       0       0       0 0000
a 101563  1627.93  6580.63       0       0       0 0000
a 101564  1627.56  6580.58       0       0       0 0000
a 101565  1627.31  6580.58       0       0       0 0000
a 101582  1627.48  6581.26       0       0       0 0000
a 101583  1627.57  6581.23       0       0       0 0000
a 101585  1627.73  6581.19       0       0       0 0000
a 101593  1627.07  6581.34       0       0       0 0000
a 101602  1626.94  6581.37       0       0       0 0000
a 101612  1626.92  6580.67       0       0       0 0000
a 101613  1626.56  6580.79       0       0       0 0000
a 101622  1626.27  6581.13       0       0       0 0000
a 101623  1626.25  6581.05       0       0       0 0000
a 101626  1626.54  6581.15       0       0       0 0000
a 101632  1626.74  6581.41       0       0       0 0000
a 101633  1626.72  6581.29       0       0       0 0000
a 101634  1626.69  6581.17       0       0       0 0000
a 101654  1626.03  6581.09       0       0       0 0000
a 101655  1625.82  6581.34       0       0       0 0000
a 101656  1625.70  6581.48       0       0       0 0000
a 101692  1626.15  6580.72       0       0       0 0000
a 101713  1625.25  6580.45       0       0       0 0000
a 101714  1625.47  6580.84       0       0       0 0000
a 101715  1625.36  6580.52       0       0       0 0000
a 101717  1624.92  6580.26       0       0       0 0000
a 101723  1624.76  6579.95       0       0       0 0000
a 101725  1624.86  6579.59       0       0       0 0000
a 101732  1626.11  6580.99       0       0       0 0000
a 101742  1626.69  6579.98       0       0       0 0000
a 101752  1626.92  6579.76       0       0       0 0000
a 101757  1627.81  6579.92       0       0       0 0000
a 101762  1626.79  6579.68       0       0       0 0000
a 101763  1626.80  6579.62       0       0       0 0000
a 101782  1626.93  6579.20       0       0       0 0000
a 101783  1626.91  6579.28       0       0       0 0000
a 101784  1627.30  6579.40       0       0       0 0000
a 101785  1627.85  6579.55       0       0       0 0000
a 101786  1627.92  6579.27       0       0       0 0000
a 101787  1627.96  6579.12       0       0       0 0000
a 101792  1628.47  6579.97       0       0       0 0000
a 101794  1628.87  6579.85       0       0       0 0000
a 101795  1628.85  6579.92       0       0       0 0000
a 101802  1628.10  6579.62       0       0       0 0000
a 101803  1628.22  6579.65       0       0       0 0000
a 101804  1628.38  6579.69       0       0       0 0000
a 101809  1628.93  6579.85       0       0       0 0000
a 101812  1628.13  6578.94       0       0       0 0000
a 101813  1628.34  6578.80       0       0       0 0000
a 101814  1628.50  6578.68       0       0       0 0000
a 101832  1629.05  6579.21       0       0       0 0000
a 101833  1629.15  6579.24       0       0       0 0000
a 101835  1629.20  6579.09       0       0       0 0000
a 101837  1629.10  6579.38       0       0       0 0000
a 101838  1629.00  6579.36       0       0       0 0000
a 101844  1629.26  6578.83       0       0       0 0000
a 101852  1628.79  6578.55       0       0       0 0000
a 101853  1629.00  6578.48       0       0       0 0000
a 101854  1629.21  6578.49       0       0       0 0000
a 101855  1629.35  6578.52       0       0       0 0000
a 101856  1629.43  6578.01       0       0       0 0000
a 101857  1629.30  6578.35       0       0       0 0000
a 101862  1629.50  6578.57       0       0       0 0000
a 101863  1629.70  6578.67       0       0       0 0000
a 101864  1629.86  6578.77       0       0       0 0000
a 101865  1629.90  6578.80       0       0       0 0000
a 101867  1629.48  6578.34       0       0       0 0000
a 101872  1629.33  6579.29       0       0       0 0000
a 101875  1629.79  6579.19       0       0       0 0000
a 101882  1629.04  6579.93       0       0       0 0000
a 101883  1628.96  6579.88       0       0       0 0000
a 101886  1629.73  6579.40       0       0       0 0000
a 101887  1629.60  6579.37       0       0       0 0000
a 101889  1629.09  6579.49       0       0       0 0000
a 101893  1630.00  6579.43       0       0       0 0000
a 101895  1630.26  6579.41       0       0       0 0000
a 101900  1630.43  6579.26       0       0       0 0
a 101902  1630.00  6579.68       0       0       0 0
a 101903  1630.33  6579.55       0       0       0 0
a 101904  1630.37  6579.43       0       0       0 0000
a 101905  1630.67  6579.24       0       0       0 0000
a 101906  1630.83  6579.22       0       0       0 0000
a 101908  1630.57  6579.37       0       0       0 0000
a 101932  1631.00  6578.88       0       0       0 0
a 101933  1631.00  6578.48       0       0       0 0
a 101934  1631.21  6578.48       0       0       0 0
a 101935  1631.11  6578.24       0       0       0 0
a 101936  1630.93  6578.61       0       0       0 0
a 101942  1631.03  6577.84       0       0       0 0000
a 101943  1630.43  6577.80       0       0       0 0000
a 101944  1629.67  6577.86       0       0       0 0000
a 102013  1623.55  6581.18       0       0       0 0000
a 102017  1624.15  6581.17       0       0       0 0000
a 102023  1624.39  6581.25       0       0       0 0000
a 102025  1624.63  6581.26       0       0       0 0000
a 102042  1623.10  6581.29       0       0       0 0000
a 102044  1623.38  6581.53       0       0       0 0000
a 102103  1620.32  6580.80       0       0       0 0000
a 102104  1620.93  6581.35       0       0       0 0000
a 102152  1621.24  6581.70       0       0       0 0000
a 102162  1621.45  6581.85       0       0       0 0000
a 102163  1622.18  6581.61       0       0       0 0000
a 102172  1618.29  6583.08       0       0       0 0000
a 102173  1618.77  6582.58       0       0       0 0000
a 102174  1619.74  6582.01       0       0       0 0000
a 102175  1620.56  6582.11       0       0       0 0000
a 102176  1620.71  6582.06       0       0       0 0000
a 102232  1619.33  6584.40       0       0       0 0000
a 102242  1617.50  6583.80       0       0       0 0000
a 102282  1616.94  6585.31       0       0       0 0000
a 102293  1616.84  6584.62       0       0       0 0000
a 102322  1615.95  6585.25       0       0       0 0000
a 102332  1615.38  6585.64       0       0       0 0000
a 102365  1614.75  6586.71       0       0       0 0000
a 102366  1614.35  6585.96       0       0       0 0000
a 102393  1619.71  6583.65       0       0       0 0000
a 102422  1621.17  6584.21       0       0       0 0000
a 102425  1620.89  6585.45       0       0       0 0000
a 102427  1621.30  6584.26       0       0       0 0000
a 102428  1621.57  6584.49       0       0       0 0000
a 102432  1621.56  6584.26       0       0       0 0000
a 102433  1622.56  6584.15       0       0       0 0000
a 102434  1622.26  6583.75       0       0       0 0000
a 102435  1621.74  6583.93       0       0       0 0000
a 102436  1622.62  6583.83       0       0       0 0000
a 102437  1622.67  6584.19       0       0       0 0000
a 102442  1622.69  6582.08       0       0       0 0000
a 102443  1622.56  6582.37       0       0       0 0000
a 102444  1622.80  6582.65       0       0       0 0000
a 102445  1622.30  6583.21       0       0       0 0000
a 102446  1622.44  6583.51       0       0       0 0000
a 102453  1622.99  6582.73       0       0       0 0000
a 102482  1620.64  6585.70       0       0       0 0000
a 102484  1620.40  6585.74       0       0       0 0000
a 102485  1621.63  6585.00       0       0       0 0000
a 102486  1619.94  6585.17       0       0       0 0000
a 102495  1620.97  6586.37       0       0       0 0000
a 102496  1620.70  6586.14       0       0       0 0000
a 102497  1619.35  6586.21       0       0       0 0000
a 102504  1620.19  6585.47       0       0       0 0000
a 102522  1619.06  6585.44       0       0       0 0000
a 102534  1618.57  6586.27       0       0       0 0000
a 102542  1619.14  6586.40       0       0       0 0000
a 102544  1619.04  6586.35       0       0       0 0000
a 102552  1617.59  6587.13       0       0       0 0000
a 102553  1617.32  6587.49       0       0       0 0000
a 102562  1620.70  6587.73       0       0       0 0000
a 102563  1621.20  6586.95       0       0       0 0000
a 102565  1620.90  6587.58       0       0       0 0000
a 102566  1621.12  6587.28       0       0       0 0000
a 102567  1618.99  6588.32       0       0       0 0000
a 102568  1620.33  6587.86       0       0       0 0000
a 102572  1621.08  6586.57       0       0       0 0000
a 102576  1621.06  6586.77       0       0       0 0000
a 102584  1619.52  6588.21       0       0       0 0000
a 102585  1618.60  6588.38       0       0       0 0000
a 102586  1619.89  6588.01       0       0       0 0000
a 102587  1619.83  6587.62       0       0       0 0000
a 102588  1619.70  6587.86       0       0       0 0000
a 102602  1618.01  6588.18       0       0       0 0000
a 102603  1618.33  6588.44       0       0       0 0000
a 102614  1621.70  6588.72       0       0       0 0000
a 102624  1621.96  6588.20       0       0       0 0000
a 102625  1621.86  6588.44       0       0       0 0000
a 102626  1621.71  6587.33       0       0       0 0000
a 102629  1621.39  6586.98       0       0       0 0000
a 102633  1620.95  6589.61       0       0       0 0000
a 102637  1622.55  6588.58       0       0       0 0000
a 102644  1621.04  6589.47       0       0       0 0000
a 102645  1620.50  6590.22       0       0       0 0000
a 102663  1619.50  6590.75       0       0       0 0000
a 102664  1619.88  6591.06       0       0       0 0000
a 102666  1620.66  6590.12       0       0       0 0000
a 102667  1619.80  6590.62       0       0       0 0000
a 102672  1618.75  6589.69       0       0       0 0000
a 102674  1618.33  6588.93       0       0       0 0000
a 102682  1619.82  6591.74       0       0       0 0000
a 103012  1629.32  6577.58       0       0       0 0000
a 103013  1629.66  6577.60       0       0       0 0000
a 103017  1629.48  6577.61       0       0       0 0000
a 103022  1630.05  6576.40       0       0       0 0000
a 103023  1629.90  6576.38       0       0       0 0000
a 103025  1629.61  6577.34       0       0       0 0000
a 103032  1629.26  6576.90       0       0       0 0000
a 103033  1629.59  6577.01       0       0       0 0000
a 103035  1628.74  6577.00       0       0       0 0000
a 103043  1628.27  6576.74       0       0       0 0000
a 103053  1628.99  6577.22       0       0       0 0000
a 103063  1628.47  6576.94       0       0       0 0000
a 103422  1629.94  6577.67       0       0       0 0000
a 103423  1630.00  6577.50       0       0       0 0000
a 103424  1629.77  6577.51       0       0       0 0000
a 103425  1629.92  6577.35       0       0       0 0000
a 103428  1629.72  6577.39       0       0       0 0000
a 103429  1629.76  6577.27       0       0       0 0000
a 104022  1626.59  6578.84       0       0       0 0000
a 104024  1626.54  6578.67       0       0       0 0000
a 104026  1626.45  6578.62       0       0       0 0000
a 104032  1626.18  6578.06       0       0       0 0000
a 104033  1626.28  6578.36       0       0       0 0000
a 104037  1626.26  6577.75       0       0       0 0000
a 104042  1625.75  6578.22       0       0       0 0000
a 104055  1625.07  6579.30       0       0       0 0000
a 104057  1625.58  6578.42       0       0       0 0000
a 104112  1626.29  6577.62       0       0       0 0000
a 104115  1625.29  6576.93       0       0       0 0000
a 104119  1626.15  6577.64       0       0       0 0000
a 104124  1625.35  6576.87       0       0       0 0000
a 104134  1626.59  6577.43       0       0       0 0000
a 104135  1626.16  6577.96       0       0       0 0000
a 104142  1627.31  6577.06       0       0       0 0000
a 104156  1628.15  6576.65       0       0       0 0000
a 104186  1625.02  6576.71       0       0       0 0000
a 104234  1624.50  6576.39       0       0       0 0000
a 104272  1625.60  6577.42       0       0       0 0000
a 104274  1626.00  6577.75       0       0       0 0000
a 104275  1625.88  6577.62       0       0       0 0000
a 104276  1626.08  6577.72       0       0       0 0000
a 104292  1625.37  6577.23       0       0       0 0000
a 104293  1625.11  6577.09       0       0       0 0000
a 104352  1626.01  6578.07       0       0       0 0000
a 114045  1615.57  6597.07       0       0       0 0000
a 123025  1614.11  6590.56       0       0       0 0000
a 123062  1615.56  6589.16       0       0       0 0000
a 123066  1615.75  6589.30       0       0       0 0000
a 123069  1615.90  6588.52       0       0       0 0000
a 123072  1616.60  6587.78       0       0       0 0000
a 123083  1616.23  6588.17       0       0       0 0000
a 123093  1617.00  6588.81       0       0       0 0000
a 123104  1617.22  6589.16       0       0       0 0000
a 123105  1616.73  6589.22       0       0       0 0000
a 123106  1617.64  6589.29       0       0       0 0000
a 123107  1617.24  6588.85       0       0       0 0000
a 123108  1617.35  6589.25       0       0       0 0000
a 123112  1615.32  6591.20       0       0       0 0000
a 123113  1615.83  6591.20       0       0       0 0000
a 123114  1616.25  6591.22       0       0       0 0000
a 123116  1615.96  6590.78       0       0       0 0000
a 123122  1615.57  6591.18       0       0       0 0000
a 123124  1615.02  6591.18       0       0       0 0000
a 123133  1615.72  6591.55       0       0       0 0000
a 123145  1614.55  6591.16       0       0       0 0000
a 123154  1615.06  6593.89       0       0       0 0000
a 123156  1615.32  6592.80       0       0       0 0000
a 123157  1615.27  6593.43       0       0       0 0000
a 123162  1616.52  6590.99       0       0       0 0000
a 123192  1614.88  6591.16       0       0       0 0000
a 123197  1614.82  6589.99       0       0       0 0000
a 123202  1614.35  6595.23       0       0       0 0000
a 123212  1613.64  6595.85       0       0       0 0000
a 123219  1613.64  6595.76       0       0       0 0000
a 123227  1613.86  6596.60       0       0       0 0000
a 123244  1614.57  6594.62       0       0       0 0000
a 123246  1614.75  6594.24       0       0       0 0000
a 139803  1611.24  6597.62       0       0       0 0000
a 139804  1611.81  6597.54       0       0       0 0000
a 162012  1626.81  6588.73       0       0       0 0000
a 162013  1626.58  6588.60       0       0       0 0000
a 162022  1626.31  6589.95       0       0       0 0000
a 162023  1625.02  6590.77       0       0       0 0000
a 162026  1626.67  6589.46       0       0       0 0000
a 162027  1626.40  6589.87       0       0       0 0000
a 162028  1626.66  6590.10       0       0       0 0000
a 162042  1627.62  6589.97       0       0       0 0000
a 162046  1627.94  6589.43       0       0       0 0000
a 162049  1626.70  6589.81       0       0       0 0000
a 162057  1626.58  6589.92       0       0       0 0000
a 162059  1626.86  6588.32       0       0       0 0000
a 162075  1626.94  6590.85       0       0       0 0000
a 162082  1627.18  6587.91       0       0       0 0000
a 162087  1627.19  6587.79       0       0       0 0000
a 162102  1627.17  6587.14       0       0       0 0000
a 163013  1621.51  6591.01       0       0       0 0000
a 163015  1620.72  6591.95       0       0       0 0000
a 163016  1620.92  6591.59       0       0       0 0000
a 163017  1621.99  6591.64       0       0       0 0000
a 163022  1621.79  6591.96       0       0       0 0000
a 163024  1621.90  6591.47       0       0       0 0000
a 163025  1621.98  6591.25       0       0       0 0000
a 163027  1622.03  6591.38       0       0       0 0000
a 163029  1621.68  6592.23       0       0       0 0000
a 163032  1623.17  6589.61       0       0       0 0000
a 163033  1622.82  6590.05       0       0       0 0000
a 163048  1622.89  6589.78       0       0       0 0000
a 163053  1621.22  6590.65       0       0       0 0000
a 163057  1620.58  6592.26       0       0       0 0000
a 163062  1620.60  6592.51       0       0       0 0000
a 163064  1621.22  6591.28       0       0       0 0000
a 163074  1622.58  6593.41       0       0       0 0000
a 163083  1624.45  6591.57       0       0       0 0000
a 163086  1623.51  6593.20       0       0       0 0000
a 163093  1621.73  6593.70       0       0       0 0000
a 163106  1621.99  6594.43       0       0       0 0000
a 163112  1621.69  6593.15       0       0       0 0000
a 163123  1620.64  6592.76       0       0       0 0000
a 163124  1620.43  6592.68       0       0       0 0000
a 163126  1620.07  6592.48       0       0       0 0000
a 163133  1621.38  6593.65       0       0       0 0000
a 163135  1620.22  6594.17       0       0       0 0000
a 163136  1620.43  6593.11       0       0       0 0000
a 163137  1620.88  6594.12       0       0       0 0000
a 163139  1621.40  6593.47       0       0       0 0000
a 163142  1620.12  6594.86       0       0       0 0000
a 163143  1620.10  6595.17       0       0       0 0000
a 163144  1619.81  6596.24       0       0       0 0000
a 163148  1621.70  6592.93       0       0       0 0000
a 163166  1619.77  6597.07       0       0       0 0000
a 163167  1619.17  6596.38       0       0       0 0000
a 163192  1618.15  6596.74       0       0       0 0000
a 163193  1616.21  6596.90       0       0       0 0000
a 163194  1620.00  6592.26       0       0       0 0000
a 163199  1620.26  6593.55       0       0       0 0000
a 163909  1622.92  6581.64       0       0       0 0000
a 163915  1622.51  6583.61       0       0       0 0000
a 163922  1621.99  6584.19       0       0       0 0000
a 163923  1620.17  6583.87       0       0       0 0000
a 163924  1619.61  6583.84       0       0       0 0000
a 163925  1619.70  6584.87       0       0       0 0000
a 163959  1621.73  6588.43       0       0       0 0000
a 182015  1631.01  6579.07       0       0       0 0
a 182052  1632.05  6578.47       0       0       0 0
a 182053  1631.59  6578.47       0       0       0 0
a 182066  1631.06  6578.06       0       0       0 0
a 182068  1631.20  6578.38       0       0       0 0
a 183024  1623.53  6584.32       0       0       0 0000
a 183032  1622.74  6584.23       0       0       0 0000
a 183033  1623.03  6584.27       0       0       0 0000
a 183034  1623.26  6584.13       0       0       0 0000
a 183035  1622.91  6584.53       0       0       0 0000
a 183036  1623.22  6583.74       0       0       0 0000
a 183037  1623.42  6583.79       0       0       0 0000
a 183038  1623.40  6583.95       0       0       0 0000
a 183062  1622.43  6584.74       0       0       0 0000
a 183063  1622.50  6584.90       0       0       0 0000
a 183064  1622.25  6584.74       0       0       0 0000
a 183072  1622.88  6584.98       0       0       0 0000
a 183073  1622.57  6585.18       0       0       0 0000
a 183082  1621.85  6584.96       0       0       0 0000
a 183083  1621.33  6585.33       0       0       0 0000
a 183085  1621.79  6585.24       0       0       0 0000
a 183093  1620.83  6586.15       0       0       0 0000
a 183095  1621.21  6585.46       0       0       0 0000
a 183096  1621.52  6585.37       0       0       0 0000
a 183098  1620.87  6585.63       0       0       0 0000
a 183099  1621.26  6586.44       0       0       0 0000
a 183114  1623.17  6586.07       0       0       0 0000
a 183115  1623.90  6586.34       0       0       0 0000
a 183125  1623.09  6585.72       0       0       0 0000
a 183126  1622.71  6585.56       0       0       0 0000
a 183127  1622.59  6585.42       0       0       0 0000
a 183128  1623.17  6585.98       0       0       0 0000
a 183133  1623.04  6586.46       0       0       0 0000
a 183135  1621.25  6586.53       0       0       0 0000
a 183136  1623.17  6586.36       0       0       0 0000
a 183137  1622.48  6586.27       0       0       0 0000
a 183138  1623.28  6586.56       0       0       0 0000
a 184014  1624.03  6582.99       0       0       0 0000
a 184015  1624.18  6583.01       0       0       0 0000
a 184022  1624.25  6583.08       0       0       0 0000
a 184023  1625.11  6583.17       0       0       0 0000
a 184024  1625.21  6583.00       0       0       0 0000
a 184042  1625.00  6582.91       0       0       0 0000
a 184044  1624.33  6582.95       0       0       0 0000
a 184052  1624.31  6583.56       0       0       0 0000
a 184053  1624.65  6583.52       0       0       0 0000
a 184054  1625.00  6583.48       0       0       0 0000
a 184063  1622.93  6583.75       0       0       0 0000
a 184064  1623.50  6583.74       0       0       0 0000
a 184065  1623.85  6583.70       0       0       0 0000
a 184066  1623.80  6583.23       0       0       0 0000
a 184067  1623.59  6583.45       0       0       0 0000
a 184068  1623.84  6583.64       0       0       0 0000
a 184069  1623.73  6583.70       0       0       0 0000
a 184072  1623.74  6584.33       0       0       0 0000
a 184073  1623.97  6583.98       0       0       0 0000
a 184074  1623.38  6584.20       0       0       0 0000
a 184082  1624.51  6584.30       0       0       0 0000
a 184084  1625.02  6583.71       0       0       0 0000
a 184092  1624.68  6583.69       0       0       0 0000
a 184093  1624.64  6584.02       0       0       0 0000
a 184104  1624.66  6583.78       0       0       0 0000
a 184132  1625.12  6584.10       0       0       0 0000
a 184133  1625.34  6583.88       0       0       0 0000
a 184172  1624.47  6584.71       0       0       0 0000
a 184173  1624.80  6584.40       0       0       0 0000
a 184174  1624.75  6584.71       0       0       0 0000
a 184175  1624.60  6584.63       0       0       0 0000
a 184182  1623.57  6584.55       0       0       0 0000
a 184183  1623.92  6584.98       0       0       0 0000
a 184192  1623.74  6585.40       0       0       0 0000
a 184193  1624.49  6585.04       0       0       0 0000
a 184194  1624.39  6585.16       0       0       0 0000
a 184202  1625.42  6582.90       0       0       0 0000
a 184212  1626.24  6583.17       0       0       0 0000
a 184213  1625.79  6583.54       0       0       0 0000
a 184222  1626.69  6583.48       0       0       0 0
a 184244  1625.32  6584.72       0       0       0 0000
a 184252  1624.87  6584.92       0       0       0 0000
a 184262  1624.72  6585.29       0       0       0 0000
a 184264  1625.04  6584.42       0       0       0 0000
a 184273  1625.59  6584.73       0       0       0 0000
a 184275  1625.48  6584.69       0       0       0 0000
a 184283  1625.32  6585.10       0       0       0 0000
a 184284  1625.13  6585.67       0       0       0 0000
a 184285  1625.43  6585.03       0       0       0 0000
a 184287  1624.99  6586.46       0       0       0 0000
a 184288  1625.18  6586.48       0       0       0 0000
a 184289  1625.36  6586.22       0       0       0 0000
a 184304  1624.76  6586.07       0       0       0 0000
a 184305  1625.11  6586.05       0       0       0 0000
a 184306  1624.90  6586.29       0       0       0 0000
a 184309  1624.97  6586.06       0       0       0 0000
a 184323  1623.73  6585.83       0       0       0 0000
a 184324  1623.89  6586.02       0       0       0 0000
a 184333  1624.36  6586.31       0       0       0 0000
a 184334  1623.73  6586.37       0       0       0 0000
a 184343  1625.58  6586.30       0       0       0 0000
a 184362  1626.84  6586.39       0       0       0 0000
a 184363  1626.65  6586.50       0       0       0 0000
a 184364  1626.19  6586.40       0       0       0 0000
a 184365  1626.91  6586.46       0       0       0 0000
a 184374  1627.29  6586.24       0       0       0 0000
a 184376  1627.60  6585.70       0       0       0 0000
a 184382  1626.89  6586.69       0       0       0 0000
a 184384  1626.90  6586.49       0       0       0 0000
a 184385  1627.03  6586.68       0       0       0 0000
a 186212  1631.08  6584.25       0       0       0 0
a 299999  1618.80  6585.91       0       0       0 0000
a 300000  1624.05  6583.99       0       0       0 0000
a 300001  1624.05  6584.05       0       0       0 0000
a 300002  1623.97  6584.05       0       0       0 0000
a 300003  1617.55  6583.78       0       0       0 0000
a 300004  1617.55  6583.83       0       0       0 0000
a 300005  1617.50  6583.86       0       0       0 0000
a 300006  1616.86  6584.62       0       0       0 0000
a 300007  1616.85  6584.65       0       0       0 0000
a 300008  1616.82  6584.64       0       0       0 0000
a 300009  1621.44  6593.63       0       0       0 0000
a 300010  1621.46  6593.67       0       0       0 0000
a 300011  1621.40  6593.69       0       0       0 0000
a 300012  1618.33  6583.08       0       0       0 0000
a 300013  1618.33  6583.11       0       0       0 0000
a 300014  1618.29  6583.12       0       0       0 0000
a 300015  1621.50  6581.83       0       0       0 0000
a 300016  1621.53  6581.86       0       0       0 0000
a 300017  1621.51  6581.89       0       0       0 0000
a 300018  1621.44  6581.89       0       0       0 0000
a 300019  1625.49  6580.95       0       0       0 0000
a 300020  1625.47  6580.95       0       0       0 0000
a 300021  1625.37  6581.07       0       0       0 0000
a 300022  1625.44  6581.04       0       0       0 0000
a 300023  1625.48  6581.23       0       0       0 0000
a 300024  1625.47  6581.31       0       0       0 0000
a 300025  1625.53  6581.06       0       0       0 0000
a 300026  1625.52  6581.04       0       0       0 0000
a 300027  1625.60  6581.06       0       0       0 0000
a 300028  1625.47  6581.45       0       0       0 0000
a 300030  1625.57  6581.46       0       0       0 0000
a 300031  1625.49  6581.55       0       0       0 0000
a 300032  1625.51  6582.00       0       0       0 0000
a 300033  1625.49  6582.00       0       0       0 0000
a 300034  1625.48  6582.42       0       0       0 0000
a 300035  1625.46  6582.43       0       0       0 0000
a 300036  1626.10  6582.63       0       0       0 0000
a 300040  1625.73  6582.68       0       0       0 0000
a 300041  1626.28  6582.60       0       0       0 0000
a 300042  1626.89  6583.04       0       0       0 0000
a 300043  1626.47  6582.71       0       0       0 0000
a 300044  1626.52  6582.79       0       0       0 0000
a 300045  1625.74  6582.66       0       0       0 0000
a 300046  1626.33  6582.38       0       0       0 0000
a 300047  1626.28  6582.57       0       0       0 0000
a 300048  1627.03  6583.11       0       0       0 0000
a 300049  1626.99  6583.16       0       0       0 0000
a 300050  1627.26  6583.33       0       0       0 0000
a 300051  1627.22  6583.30       0       0       0 0000
a 300052  1626.84  6583.66       0       0       0 0000
a 300053  1626.81  6583.56       0       0       0 0000
a 300054  1626.93  6583.60       0       0       0 0000
a 300055  1627.02  6583.68       0       0       0 0000
a 300056  1626.96  6583.61       0       0       0 0000
a 300057  1626.37  6584.22       0       0       0 0000
a 300058  1626.34  6584.20       0       0       0 0000
a 300060  1626.22  6584.40       0       0       0 0000
a 300061  1626.23  6584.70       0       0       0 0000
a 300062  1626.02  6584.81       0       0       0 0000
a 300063  1626.02  6584.71       0       0       0 0000
a 300064  1626.06  6584.82       0       0       0 0000
a 300065  1625.89  6585.17       0       0       0 0000
a 300070  1625.92  6585.18       0       0       0 0000
a 300071  1625.50  6586.19       0       0       0 0000
a 300073  1625.53  6586.28       0       0       0 0000
a 300074  1625.53  6586.32       0       0       0 0000
a 300076  1625.50  6586.27       0       0       0 0000
a 300077  1625.22  6586.60       0       0       0 0000
a 300078  1624.70  6587.40       0       0       0 0000
a 300079  1625.31  6586.18       0       0       0 0000
a 300080  1625.38  6586.23       0       0       0 0000
a 300081  1625.37  6586.30       0       0       0 0000
a 300082  1625.45  6586.17       0       0       0 0000
a 300083  1625.63  6585.84       0       0       0 0000
a 300085  1624.69  6587.38       0       0       0 0000
a 300086  1625.27  6586.38       0       0       0 0000
a 300087  1624.16  6587.80       0       0       0 0000
a 300090  1623.86  6588.36       0       0       0 0000
a 300091  1624.13  6587.79       0       0       0 0000
a 300092  1623.23  6588.72       0       0       0 0000
a 300100  1623.10  6588.90       0       0       0 0000
a 300101  1623.19  6588.69       0       0       0 0000
a 300102  1622.88  6589.01       0       0       0 0000
a 300103  1622.85  6588.98       0       0       0 0000
a 300104  1622.44  6589.39       0       0       0 0000
a 300105  1622.41  6589.37       0       0       0 0000
a 300106  1622.98  6588.82       0       0       0 0000
a 300200  1621.22  6590.23       0       0       0 0000
a 300201  1620.89  6590.48       0       0       0 0000
a 300202  1621.13  6590.51       0       0       0 0000
a 300203  1621.11  6590.51       0       0       0 0000
a 300204  1621.06  6590.29       0       0       0 0000
a 300205  1621.10  6590.41       0       0       0 0000
a 300206  1620.81  6590.44       0       0       0 0000
a 300208  1620.89  6590.35       0       0       0 0000
a 300209  1620.69  6590.59       0       0       0 0000
a 300210  1620.81  6590.30       0       0       0 0000
a 300212  1621.19  6590.21       0       0       0 0000
a 300213  1620.40  6590.83       0       0       0 0000
a 300214  1620.38  6590.83       0       0       0 0000
a 300215  1620.11  6591.82       0       0       0 0000
a 300216  1620.09  6591.83       0       0       0 0000
a 300300  1620.54  6592.72       0       0       0 0000
a 300305  1620.06  6592.51       0       0       0 0000
a 300306  1620.04  6592.49       0       0       0 0000
a 300308  1620.66  6592.76       0       0       0 0000
a 300309  1620.65  6592.78       0       0       0 0000
a 300310  1620.14  6592.07       0       0       0 0000
a 300311  1620.13  6592.14       0       0       0 0000
a 300312  1620.26  6592.85       0       0       0 0000
a 300313  1620.24  6592.85       0       0       0 0000
a 300314  1620.23  6592.48       0       0       0 0000
a 300315  1620.25  6592.46       0       0       0 0000
a 300316  1619.81  6594.14       0       0       0 0000
a 300317  1619.79  6594.12       0       0       0 0000
a 300318  1619.41  6595.21       0       0       0 0000
a 300319  1619.38  6595.20       0       0       0 0000
a 300400  1619.54  6596.27       0       0       0 0000
a 300401  1619.48  6596.34       0       0       0 0000
a 300402  1619.49  6596.17       0       0       0 0000
a 300403  1619.43  6596.30       0       0       0 0000
a 300404  1619.43  6596.02       0       0       0 0000
a 300405  1619.49  6596.10       0       0       0 0000
a 300407  1619.51  6596.46       0       0       0 0000
a 300408  1626.87  6583.75       0       0       0 0000
a 300409  1626.97  6583.69       0       0       0 0000
a 300410  1627.06  6583.55       0       0       0 0000
a 300411  1626.97  6583.52       0       0       0 0000
a 300412  1626.41  6582.63       0       0       0 0000
a 300413  1626.67  6582.88       0       0       0 0000
a 300414  1626.66  6582.81       0       0       0 0000
a 300415  1626.48  6582.66       0       0       0 0000
a 300416  1626.72  6582.90       0       0       0 0000
a 300417  1625.91  6585.30       0       0       0 0000
a 300418  1625.81  6585.28       0       0       0 0000
a 300419  1625.79  6585.51       0       0       0 0000
a 300421  1625.79  6585.56       0       0       0 0000
a 300423  1625.64  6585.91       0       0       0 0000
a 300424  1625.55  6586.13       0       0       0 0000
a 300425  1625.45  6586.30       0       0       0 0000
a 300426  1625.36  6586.43       0       0       0 0000
a 300428  1625.17  6586.70       0       0       0 0000
a 300429  1625.25  6586.50       0       0       0 0000
a 300430  1625.48  6586.18       0       0       0 0000
a 300431  1625.53  6586.02       0       0       0 0000
a 400001  1616.46  6589.60       0       0       0 0000
a 400002  1616.27  6589.65       0       0       0 0000
a 400003  1616.58  6589.81       0       0       0 0000
a 400005  1616.50  6589.62       0       0       0 0000
a 400100  1616.22  6590.63       0       0       0 0000
a 400101  1616.16  6590.72       0       0       0 0000
a 400102  1616.21  6590.88       0       0       0 0000
a 400103  1616.14  6590.94       0       0       0 0000
a 400104  1616.20  6590.57       0       0       0 0000
a 400105  1616.03  6590.80       0       0       0 0000
a 400200  1615.33  6593.79       0       0       0 0000
a 400201  1615.29  6593.81       0       0       0 0000
a 400202  1615.34  6593.91       0       0       0 0000
a 400203  1615.20  6593.91       0       0       0 0000
a 400300  1614.13  6595.82       0       0       0 0000
a 400301  1614.12  6595.80       0       0       0 0000
a 400302  1613.75  6596.46       0       0       0 0000
a 400303  1613.87  6596.18       0       0       0 0000
a 400304  1613.62  6596.38       0       0       0 0000
a 400305  1613.74  6596.26       0       0       0 0000
a 400306  1613.86  6596.15       0       0       0 0000
a 400307  1613.67  6596.13       0       0       0 0000
a 400308  1613.78  6596.30       0       0       0 0000
a 400401  1627.08  6586.54       0       0       0 0000
a 400402  1627.10  6586.52       0       0       0 0000
a 400403  1627.02  6586.50       0       0       0 0000
a 400404  1627.11  6586.52       0       0       0 0000
a 400406  1627.07  6586.54       0       0       0 0000
a 400407  1627.02  6586.50       0       0       0 0000
a 400408  1627.16  6586.41       0       0       0 0000
a 400409  1626.91  6586.52       0       0       0 0000
a 400410  1626.86  6586.49       0       0       0 0000
a 500000  1628.91  6580.44       0       0       0 0000
a 500001  1628.31  6581.29       0       0       0 0000
a 500002  1628.41  6581.07       0       0       0 0000
a 500003  1628.44  6581.04       0       0       0 0000
a 500004  1628.73  6581.05       0       0       0 0000
a 500005  1628.74  6581.37       0       0       0 0000
a 500006  1627.97  6581.13       0       0       0 0000
a 500007  1628.32  6581.78       0       0       0 0000
a 500008  1628.67  6581.83       0       0       0 0000
a 500009  1627.42  6581.93       0       0       0 0000
a 500011  1626.82  6582.15       0       0       0 0000
a 500012  1627.37  6582.93       0       0       0 0000
a 500013  1627.91  6582.15       0       0       0 0000
a 500014  1628.42  6582.32       0       0       0 0000
a 500015  1628.11  6582.79       0       0       0 0000
a 500017  1628.09  6583.05       0       0       0 0000
a 500018  1628.29  6583.58       0       0       0 0000
a 500019  1629.05  6583.02       0       0       0 0000
a 500020  1628.78  6582.51       0       0       0 0000
a 500021  1628.73  6582.52       0       0       0 0000
a 500022  1628.18  6585.20       0       0       0 0000
a 500023  1629.27  6581.63       0       0       0 0000
a 500024  1629.94  6581.40       0       0       0 0000
a 500025  1630.43  6581.58       0       0       0 0000
a 500026  1629.86  6581.99       0       0       0 0000
a 500027  1629.66  6582.71       0       0       0 0000
a 500028  1629.72  6582.65       0       0       0 0000
a 500029  1630.43  6582.89       0       0       0 0000
a 500030  1630.49  6582.68       0       0       0 0000
a 500031  1630.45  6583.65       0       0       0 0000
a 500032  1631.31  6581.37       0       0       0 0000
a 500033  1630.68  6580.61       0       0       0 0000
a 500034  1627.56  6580.68       0       0       0 0000
a 500035  1627.58  6581.33       0       0       0 0000
a 500036  1626.78  6581.27       0       0       0 0000
a 500037  1626.78  6581.33       0       0       0 0000
a 500038  1626.01  6581.56       0       0       0 0000
a 500039  1625.06  6581.52       0       0       0 0000
a 500040  1624.51  6580.03       0       0       0 0000
a 500041  1625.95  6580.88       0       0       0 0000
a 500042  1627.25  6579.28       0       0       0 0000
a 500043  1628.41  6578.92       0       0       0 0000
a 500044  1630.03  6579.33       0       0       0 0000
a 500045  1629.57  6576.80       0       0       0 0000
a 500046  1629.66  6576.68       0       0       0 0000
a 500047  1627.51  6577.29       0       0       0 0000
a 500048  1626.42  6578.00       0       0       0 0000
a 500049  1624.19  6576.20       0       0       0 0000
a 500050  1623.93  6580.97       0       0       0 0000
a 500051  1623.15  6581.78       0       0       0 0000
a 500052  1623.31  6581.69       0       0       0 0000
a 500053  1623.01  6581.06       0       0       0 0000
a 500054  1621.45  6581.31       0       0       0 0000
a 500055  1618.21  6583.74       0       0       0 0000
a 500056  1622.85  6583.30       0       0       0 0000
a 500057  1622.98  6583.13       0       0       0 0000
a 500058  1622.32  6583.50       0       0       0 0000
a 500059  1622.31  6583.44       0       0       0 0000
a 500060  1623.99  6585.04       0       0       0 0000
a 500061  1624.09  6585.04       0       0       0 0000
a 500062  1625.45  6583.04       0       0       0 0000
a 500063  1626.68  6583.32       0       0       0 0000
a 500064  1626.61  6583.22       0       0       0 0000
a 500065  1626.59  6584.62       0       0       0 0000
a 500066  1624.98  6584.78       0       0       0 0000
a 500067  1624.78  6585.07       0       0       0 0000
a 500068  1625.65  6584.81       0       0       0 0000
a 500069  1625.55  6585.20       0       0       0 0000
a 500070  1625.65  6585.26       0       0       0 0000
a 500071  1624.77  6585.83       0       0       0 0000
a 500072  1624.22  6586.49       0       0       0 0000
a 500073  1624.71  6586.56       0       0       0 0000
a 500074  1626.87  6586.36       0       0       0 0000
a 500075  1626.78  6586.74       0       0       0 0000
a 500076  1623.03  6583.93       0       0       0 0000
a 500077  1623.01  6584.06       0       0       0 0000
a 500078  1622.41  6584.43       0       0       0 0000
a 500079  1622.34  6585.05       0       0       0 0000
a 500080  1622.16  6585.03       0       0       0 0000
a 500081  1623.00  6585.14       0       0       0 0000
a 500082  1621.30  6585.74       0       0       0 0000
a 500083  1623.52  6584.85       0       0       0 0000
a 500084  1623.34  6586.01       0       0       0 0000
a 500085  1622.65  6586.72       0       0       0 0000
a 500086  1619.67  6580.42       0       0       0 0000
a 500087  1616.16  6589.20       0       0       0 0000
a 500088  1615.33  6591.09       0       0       0 0000
a 500089  1615.45  6591.03       0       0       0 0000
a 500090  1610.72  6597.94       0       0       0 0000
a 500091  1622.76  6589.81       0       0       0 0000
a 500092  1621.80  6594.52       0       0       0 0000
a 500093  1619.94  6597.71       0       0       0 0000
a 500094  1626.50  6588.42       0       0       0 0000
a 500095  1628.15  6589.97       0       0       0 0000
a 500096  1628.26  6589.89       0       0       0 0000
a 500097  1627.44  6591.62       0       0       0 0000
a 500098  1631.45  6584.40       0       0       0 0000
a 500099  1632.45  6578.44       0       0       0 0000
a 500100  1630.16  6575.89       0       0       0 0000
a 500101  1622.77  6581.67       0       0       0 0000
a 500102  1620.81  6582.27       0       0       0 0000
a 500103  1617.68  6584.54       0       0       0 0000
a 500104  1613.90  6586.21       0       0       0 0000
a 500105  1622.13  6584.38       0       0       0 0000
a 500106  1619.02  6586.20       0       0       0 0000
a 500107  1619.59  6587.84       0       0       0 0000
a 500108  1621.51  6589.44       0       0       0 0000
a 500109  1619.98  6589.85       0       0       0 0000
a 500110  1620.16  6589.79       0       0       0 0000
a 500111  1614.63  6594.18       0       0       0 0000
a 500112  1616.66  6590.67       0       0       0 0000
a 500113  1621.56  6592.42       0       0       0 0000
a 500114  1622.49  6591.38       0       0       0 0000
a 500115  1621.27  6593.37       0       0       0 0000
a 500116  1619.88  6596.44       0       0       0 0000
a 500117  1620.03  6584.75       0       0       0 0000
a 500118  1617.90  6587.43       0       0       0 0000
a 500119  1620.80  6586.99       0       0       0 0000
a 500120  1621.42  6588.40       0       0       0 0000
a 500121  1623.98  6582.94       0       0       0 0000
a 500122  1623.86  6583.26       0       0       0 0000
a 500123  1624.94  6582.69       0       0       0 0000
a 500124  1624.54  6583.39       0       0       0 0000
a 500125  1623.35  6583.60       0       0       0 0000
a 500126  1623.68  6584.09       0       0       0 0000
a 500127  1623.78  6584.05       0       0       0 0000
a 500128  1624.78  6584.20       0       0       0 0000
a 500129  1624.86  6584.24       0       0       0 0000
a 500130  1624.20  6583.74       0       0       0 0000
a 500131  1624.33  6583.70       0       0       0 0000
a 500132  1625.24  6584.17       0       0       0 0000
a 500133  1625.71  6583.92       0       0       0 0000
a 500134  1624.03  6584.30       0       0       0 0000
a 500135  1624.75  6584.63       0       0       0 0000
a 900000  1625.48  6580.91       0       0       0 0000
a 900001  1625.34  6581.07       0       0       0 0000
a 900002  1625.63  6581.06       0       0       0 0000
